1,EMP1,4000,6
2,EMP2,16000,7
3,EMP3,12000,1
4,EMP4,13000,10
5,EMP5,2000,3
6,EMP6,7000,8
7,EMP7,17000,8
8,EMP8,9000,6
9,EMP9,19000,3
10,EMP10,6000,6
11,EMP11,9000,4
12,EMP12,16000,7
13,EMP13,14000,6
14,EMP14,9000,8
15,EMP15,15000,6
16,EMP16,10000,7
17,EMP17,14000,4
18,EMP18,10000,1
19,EMP19,12000,5
20,EMP20,11000,1
21,EMP21,14000,3
22,EMP22,6000,10
23,EMP23,12000,2
24,EMP24,3000,6
25,EMP25,16000,3
26,EMP26,11000,8
27,EMP27,19000,10
28,EMP28,20000,5
29,EMP29,17000,5
30,EMP30,6000,10
31,EMP31,11000,9
32,EMP32,10000,9
33,EMP33,14000,5
34,EMP34,7000,9
35,EMP35,1000,8
36,EMP36,4000,7
37,EMP37,6000,1
38,EMP38,8000,1
39,EMP39,13000,5
40,EMP40,11000,6
41,EMP41,11000,3
42,EMP42,4000,7
43,EMP43,8000,6
44,EMP44,16000,4
45,EMP45,11000,3
46,EMP46,19000,4
47,EMP47,16000,8
48,EMP48,16000,3
49,EMP49,7000,7
50,EMP50,10000,8
51,EMP51,6000,3
52,EMP52,10000,9
53,EMP53,7000,7
54,EMP54,19000,9
55,EMP55,12000,8
56,EMP56,7000,7
57,EMP57,12000,5
58,EMP58,4000,7
59,EMP59,8000,1
60,EMP60,2000,10
61,EMP61,2000,3
62,EMP62,4000,4
63,EMP63,20000,3
64,EMP64,8000,3
65,EMP65,12000,10
66,EMP66,2000,9
67,EMP67,8000,1
68,EMP68,17000,6
69,EMP69,7000,3
70,EMP70,20000,10
71,EMP71,3000,6
72,EMP72,11000,3
73,EMP73,13000,6
74,EMP74,20000,2
75,EMP75,16000,7
76,EMP76,15000,4
77,EMP77,4000,5
78,EMP78,15000,5
79,EMP79,6000,8
80,EMP80,20000,2
81,EMP81,15000,10
82,EMP82,15000,2
83,EMP83,17000,6
84,EMP84,11000,2
85,EMP85,12000,9
86,EMP86,5000,1
87,EMP87,2000,7
88,EMP88,17000,9
89,EMP89,15000,5
90,EMP90,7000,8
91,EMP91,3000,9
92,EMP92,12000,10
93,EMP93,12000,2
94,EMP94,17000,9
95,EMP95,15000,9
96,EMP96,18000,5
97,EMP97,6000,8
98,EMP98,17000,8
99,EMP99,2000,9
100,EMP100,19000,6
101,EMP101,9000,1
102,EMP102,13000,10
103,EMP103,14000,9
104,EMP104,17000,6
105,EMP105,17000,4
106,EMP106,20000,10
107,EMP107,4000,6
108,EMP108,16000,9
109,EMP109,20000,9
110,EMP110,7000,8
111,EMP111,12000,1
112,EMP112,2000,8
113,EMP113,5000,10
114,EMP114,1000,10
115,EMP115,12000,10
116,EMP116,10000,8
117,EMP117,18000,6
118,EMP118,7000,10
119,EMP119,10000,3
120,EMP120,11000,2
121,EMP121,17000,1
122,EMP122,2000,5
123,EMP123,19000,3
124,EMP124,2000,9
125,EMP125,5000,8
126,EMP126,12000,5
127,EMP127,20000,10
128,EMP128,1000,7
129,EMP129,5000,9
130,EMP130,16000,2
131,EMP131,11000,6
132,EMP132,15000,4
133,EMP133,18000,3
134,EMP134,15000,6
135,EMP135,10000,8
136,EMP136,3000,10
137,EMP137,14000,2
138,EMP138,13000,4
139,EMP139,5000,7
140,EMP140,20000,5
141,EMP141,2000,7
142,EMP142,14000,4
143,EMP143,10000,10
144,EMP144,2000,9
145,EMP145,1000,3
146,EMP146,13000,5
147,EMP147,20000,10
148,EMP148,12000,4
149,EMP149,1000,10
150,EMP150,13000,8
151,EMP151,16000,1
152,EMP152,11000,7
153,EMP153,17000,6
154,EMP154,5000,4
155,EMP155,8000,6
156,EMP156,14000,1
157,EMP157,20000,10
158,EMP158,1000,1
159,EMP159,18000,4
160,EMP160,17000,10
161,EMP161,7000,10
162,EMP162,6000,1
163,EMP163,20000,5
164,EMP164,14000,10
165,EMP165,10000,5
166,EMP166,12000,2
167,EMP167,17000,2
168,EMP168,10000,9
169,EMP169,15000,9
170,EMP170,20000,9
171,EMP171,13000,8
172,EMP172,13000,6
173,EMP173,1000,9
174,EMP174,6000,2
175,EMP175,1000,2
176,EMP176,17000,2
177,EMP177,10000,4
178,EMP178,18000,10
179,EMP179,8000,6
180,EMP180,20000,2
181,EMP181,20000,6
182,EMP182,18000,7
183,EMP183,19000,3
184,EMP184,11000,3
185,EMP185,8000,4
186,EMP186,15000,9
187,EMP187,15000,2
188,EMP188,6000,7
189,EMP189,8000,5
190,EMP190,16000,4
191,EMP191,11000,6
192,EMP192,2000,2
193,EMP193,9000,2
194,EMP194,1000,9
195,EMP195,1000,1
196,EMP196,18000,8
197,EMP197,1000,5
198,EMP198,10000,5
199,EMP199,2000,8
200,EMP200,10000,4
201,EMP201,8000,6
202,EMP202,20000,6
203,EMP203,3000,7
204,EMP204,3000,1
205,EMP205,2000,7
206,EMP206,4000,3
207,EMP207,18000,6
208,EMP208,19000,2
209,EMP209,18000,4
210,EMP210,3000,6
211,EMP211,16000,8
212,EMP212,3000,1
213,EMP213,15000,7
214,EMP214,20000,7
215,EMP215,3000,7
216,EMP216,8000,2
217,EMP217,15000,9
218,EMP218,2000,6
219,EMP219,20000,9
220,EMP220,1000,3
221,EMP221,3000,4
222,EMP222,1000,3
223,EMP223,19000,1
224,EMP224,8000,6
225,EMP225,6000,5
226,EMP226,8000,10
227,EMP227,20000,4
228,EMP228,4000,2
229,EMP229,11000,4
230,EMP230,15000,5
231,EMP231,8000,4
232,EMP232,10000,1
233,EMP233,6000,3
234,EMP234,8000,10
235,EMP235,17000,9
236,EMP236,2000,1
237,EMP237,17000,4
238,EMP238,11000,6
239,EMP239,20000,7
240,EMP240,14000,6
241,EMP241,19000,3
242,EMP242,19000,7
243,EMP243,11000,3
244,EMP244,11000,5
245,EMP245,7000,9
246,EMP246,10000,2
247,EMP247,14000,7
248,EMP248,12000,9
249,EMP249,4000,5
250,EMP250,15000,7
251,EMP251,17000,7
252,EMP252,11000,6
253,EMP253,1000,10
254,EMP254,8000,5
255,EMP255,10000,6
256,EMP256,9000,5
257,EMP257,9000,9
258,EMP258,6000,5
259,EMP259,6000,3
260,EMP260,10000,2
261,EMP261,1000,2
262,EMP262,14000,3
263,EMP263,2000,10
264,EMP264,16000,8
265,EMP265,11000,6
266,EMP266,16000,1
267,EMP267,8000,5
268,EMP268,11000,5
269,EMP269,16000,10
270,EMP270,18000,9
271,EMP271,20000,3
272,EMP272,1000,5
273,EMP273,10000,1
274,EMP274,4000,8
275,EMP275,1000,8
276,EMP276,9000,9
277,EMP277,2000,7
278,EMP278,2000,9
279,EMP279,7000,5
280,EMP280,9000,9
281,EMP281,14000,7
282,EMP282,11000,10
283,EMP283,14000,4
284,EMP284,10000,9
285,EMP285,12000,2
286,EMP286,18000,9
287,EMP287,2000,3
288,EMP288,19000,3
289,EMP289,7000,9
290,EMP290,2000,6
291,EMP291,14000,1
292,EMP292,10000,4
293,EMP293,10000,1
294,EMP294,17000,7
295,EMP295,20000,8
296,EMP296,1000,3
297,EMP297,11000,9
298,EMP298,11000,3
299,EMP299,9000,9
300,EMP300,6000,5
301,EMP301,6000,9
302,EMP302,15000,2
303,EMP303,20000,7
304,EMP304,6000,6
305,EMP305,9000,2
306,EMP306,11000,6
307,EMP307,1000,6
308,EMP308,1000,9
309,EMP309,2000,6
310,EMP310,11000,8
311,EMP311,3000,3
312,EMP312,5000,10
313,EMP313,11000,10
314,EMP314,16000,6
315,EMP315,15000,3
316,EMP316,14000,3
317,EMP317,14000,1
318,EMP318,1000,3
319,EMP319,18000,4
320,EMP320,8000,7
321,EMP321,9000,7
322,EMP322,20000,6
323,EMP323,4000,1
324,EMP324,8000,10
325,EMP325,20000,9
326,EMP326,19000,3
327,EMP327,11000,3
328,EMP328,3000,1
329,EMP329,2000,5
330,EMP330,11000,6
331,EMP331,1000,3
332,EMP332,19000,5
333,EMP333,18000,4
334,EMP334,8000,7
335,EMP335,13000,2
336,EMP336,9000,10
337,EMP337,10000,9
338,EMP338,17000,2
339,EMP339,1000,1
340,EMP340,16000,3
341,EMP341,13000,8
342,EMP342,13000,10
343,EMP343,17000,8
344,EMP344,18000,3
345,EMP345,5000,8
346,EMP346,6000,9
347,EMP347,6000,10
348,EMP348,5000,10
349,EMP349,2000,2
350,EMP350,19000,1
351,EMP351,15000,6
352,EMP352,17000,3
353,EMP353,3000,4
354,EMP354,14000,10
355,EMP355,18000,10
356,EMP356,4000,8
357,EMP357,4000,7
358,EMP358,11000,10
359,EMP359,10000,2
360,EMP360,9000,5
361,EMP361,6000,3
362,EMP362,12000,6
363,EMP363,3000,7
364,EMP364,2000,8
365,EMP365,15000,9
366,EMP366,17000,9
367,EMP367,12000,5
368,EMP368,10000,9
369,EMP369,8000,8
370,EMP370,5000,2
371,EMP371,14000,8
372,EMP372,15000,7
373,EMP373,16000,9
374,EMP374,10000,2
375,EMP375,12000,8
376,EMP376,15000,5
377,EMP377,10000,7
378,EMP378,2000,5
379,EMP379,11000,6
380,EMP380,13000,8
381,EMP381,11000,9
382,EMP382,2000,9
383,EMP383,8000,7
384,EMP384,9000,6
385,EMP385,8000,9
386,EMP386,3000,9
387,EMP387,6000,4
388,EMP388,6000,4
389,EMP389,10000,9
390,EMP390,6000,9
391,EMP391,9000,3
392,EMP392,11000,4
393,EMP393,16000,7
394,EMP394,14000,2
395,EMP395,5000,3
396,EMP396,1000,7
397,EMP397,6000,2
398,EMP398,13000,5
399,EMP399,4000,5
400,EMP400,13000,6
401,EMP401,4000,9
402,EMP402,19000,2
403,EMP403,13000,1
404,EMP404,17000,9
405,EMP405,10000,2
406,EMP406,2000,8
407,EMP407,12000,7
408,EMP408,18000,1
409,EMP409,14000,6
410,EMP410,16000,5
411,EMP411,3000,9
412,EMP412,2000,8
413,EMP413,1000,1
414,EMP414,9000,5
415,EMP415,13000,4
416,EMP416,15000,7
417,EMP417,7000,9
418,EMP418,8000,9
419,EMP419,18000,6
420,EMP420,11000,9
421,EMP421,1000,9
422,EMP422,11000,1
423,EMP423,7000,10
424,EMP424,3000,9
425,EMP425,5000,3
426,EMP426,14000,6
427,EMP427,10000,5
428,EMP428,6000,5
429,EMP429,11000,2
430,EMP430,15000,5
431,EMP431,8000,9
432,EMP432,3000,5
433,EMP433,14000,3
434,EMP434,3000,1
435,EMP435,7000,6
436,EMP436,17000,2
437,EMP437,15000,9
438,EMP438,17000,6
439,EMP439,17000,8
440,EMP440,5000,9
441,EMP441,14000,1
442,EMP442,1000,10
443,EMP443,13000,7
444,EMP444,3000,6
445,EMP445,20000,8
446,EMP446,5000,10
447,EMP447,5000,7
448,EMP448,13000,4
449,EMP449,10000,6
450,EMP450,6000,6
451,EMP451,10000,8
452,EMP452,17000,3
453,EMP453,11000,8
454,EMP454,1000,7
455,EMP455,19000,5
456,EMP456,12000,9
457,EMP457,6000,1
458,EMP458,12000,3
459,EMP459,6000,2
460,EMP460,5000,8
461,EMP461,18000,2
462,EMP462,9000,5
463,EMP463,3000,8
464,EMP464,10000,5
465,EMP465,12000,3
466,EMP466,9000,10
467,EMP467,13000,4
468,EMP468,10000,10
469,EMP469,2000,7
470,EMP470,3000,8
471,EMP471,8000,8
472,EMP472,4000,1
473,EMP473,7000,3
474,EMP474,19000,7
475,EMP475,3000,8
476,EMP476,14000,3
477,EMP477,8000,2
478,EMP478,3000,8
479,EMP479,12000,8
480,EMP480,8000,9
481,EMP481,10000,2
482,EMP482,15000,10
483,EMP483,15000,10
484,EMP484,19000,2
485,EMP485,20000,7
486,EMP486,8000,2
487,EMP487,12000,7
488,EMP488,8000,8
489,EMP489,16000,4
490,EMP490,11000,10
491,EMP491,20000,7
492,EMP492,8000,5
493,EMP493,10000,7
494,EMP494,13000,1
495,EMP495,10000,9
496,EMP496,3000,6
497,EMP497,12000,10
498,EMP498,20000,6
499,EMP499,15000,10
500,EMP500,11000,9
501,EMP501,10000,8
502,EMP502,11000,8
503,EMP503,13000,7
504,EMP504,12000,5
505,EMP505,18000,9
506,EMP506,7000,8
507,EMP507,6000,4
508,EMP508,5000,10
509,EMP509,11000,3
510,EMP510,5000,8
511,EMP511,9000,1
512,EMP512,7000,9
513,EMP513,12000,9
514,EMP514,6000,6
515,EMP515,4000,3
516,EMP516,7000,7
517,EMP517,16000,5
518,EMP518,10000,5
519,EMP519,5000,6
520,EMP520,7000,10
521,EMP521,7000,1
522,EMP522,8000,9
523,EMP523,20000,4
524,EMP524,4000,9
525,EMP525,12000,6
526,EMP526,10000,8
527,EMP527,11000,10
528,EMP528,16000,6
529,EMP529,2000,6
530,EMP530,6000,9
531,EMP531,10000,3
532,EMP532,10000,4
533,EMP533,14000,8
534,EMP534,9000,10
535,EMP535,19000,2
536,EMP536,4000,2
537,EMP537,17000,9
538,EMP538,19000,1
539,EMP539,15000,7
540,EMP540,9000,7
541,EMP541,7000,5
542,EMP542,18000,9
543,EMP543,16000,1
544,EMP544,6000,5
545,EMP545,5000,4
546,EMP546,12000,10
547,EMP547,17000,4
548,EMP548,7000,3
549,EMP549,3000,7
550,EMP550,10000,4
551,EMP551,14000,4
552,EMP552,18000,9
553,EMP553,3000,3
554,EMP554,12000,2
555,EMP555,19000,2
556,EMP556,16000,4
557,EMP557,4000,8
558,EMP558,12000,1
559,EMP559,18000,8
560,EMP560,16000,9
561,EMP561,20000,8
562,EMP562,18000,6
563,EMP563,14000,9
564,EMP564,7000,3
565,EMP565,1000,2
566,EMP566,5000,10
567,EMP567,19000,8
568,EMP568,6000,2
569,EMP569,11000,10
570,EMP570,10000,2
571,EMP571,14000,2
572,EMP572,14000,9
573,EMP573,7000,4
574,EMP574,10000,1
575,EMP575,4000,8
576,EMP576,2000,5
577,EMP577,16000,8
578,EMP578,6000,10
579,EMP579,20000,4
580,EMP580,14000,5
581,EMP581,15000,10
582,EMP582,20000,1
583,EMP583,14000,4
584,EMP584,19000,9
585,EMP585,14000,1
586,EMP586,7000,10
587,EMP587,17000,5
588,EMP588,17000,9
589,EMP589,17000,4
590,EMP590,18000,7
591,EMP591,12000,5
592,EMP592,12000,9
593,EMP593,17000,7
594,EMP594,14000,6
595,EMP595,5000,6
596,EMP596,19000,7
597,EMP597,19000,8
598,EMP598,11000,3
599,EMP599,11000,6
600,EMP600,15000,2
601,EMP601,19000,3
602,EMP602,11000,6
603,EMP603,1000,6
604,EMP604,15000,8
605,EMP605,20000,8
606,EMP606,18000,4
607,EMP607,20000,7
608,EMP608,6000,1
609,EMP609,18000,5
610,EMP610,18000,5
611,EMP611,20000,4
612,EMP612,4000,1
613,EMP613,6000,8
614,EMP614,7000,3
615,EMP615,19000,3
616,EMP616,20000,10
617,EMP617,5000,3
618,EMP618,7000,3
619,EMP619,6000,10
620,EMP620,19000,7
621,EMP621,4000,10
622,EMP622,4000,4
623,EMP623,2000,8
624,EMP624,17000,6
625,EMP625,13000,4
626,EMP626,10000,1
627,EMP627,20000,7
628,EMP628,5000,9
629,EMP629,10000,3
630,EMP630,1000,2
631,EMP631,20000,4
632,EMP632,20000,8
633,EMP633,13000,2
634,EMP634,2000,1
635,EMP635,7000,7
636,EMP636,18000,7
637,EMP637,16000,3
638,EMP638,15000,2
639,EMP639,20000,2
640,EMP640,7000,9
641,EMP641,20000,2
642,EMP642,20000,3
643,EMP643,5000,2
644,EMP644,8000,8
645,EMP645,13000,3
646,EMP646,11000,5
647,EMP647,5000,4
648,EMP648,8000,7
649,EMP649,13000,10
650,EMP650,15000,8
651,EMP651,11000,2
652,EMP652,15000,8
653,EMP653,20000,4
654,EMP654,5000,10
655,EMP655,13000,4
656,EMP656,1000,4
657,EMP657,5000,10
658,EMP658,16000,6
659,EMP659,14000,2
660,EMP660,2000,1
661,EMP661,13000,10
662,EMP662,18000,9
663,EMP663,15000,2
664,EMP664,13000,7
665,EMP665,2000,1
666,EMP666,13000,5
667,EMP667,6000,10
668,EMP668,8000,4
669,EMP669,11000,10
670,EMP670,12000,1
671,EMP671,14000,3
672,EMP672,17000,9
673,EMP673,12000,10
674,EMP674,13000,8
675,EMP675,12000,8
676,EMP676,10000,1
677,EMP677,15000,10
678,EMP678,20000,9
679,EMP679,13000,6
680,EMP680,17000,4
681,EMP681,5000,3
682,EMP682,10000,1
683,EMP683,7000,7
684,EMP684,14000,7
685,EMP685,20000,7
686,EMP686,13000,8
687,EMP687,13000,10
688,EMP688,12000,1
689,EMP689,6000,8
690,EMP690,5000,2
691,EMP691,7000,4
692,EMP692,8000,8
693,EMP693,6000,9
694,EMP694,10000,8
695,EMP695,20000,4
696,EMP696,17000,2
697,EMP697,14000,3
698,EMP698,10000,3
699,EMP699,12000,10
700,EMP700,8000,6
701,EMP701,10000,7
702,EMP702,1000,2
703,EMP703,12000,10
704,EMP704,4000,3
705,EMP705,14000,4
706,EMP706,5000,7
707,EMP707,11000,5
708,EMP708,6000,1
709,EMP709,18000,8
710,EMP710,19000,3
711,EMP711,4000,3
712,EMP712,1000,6
713,EMP713,16000,3
714,EMP714,7000,9
715,EMP715,17000,8
716,EMP716,20000,9
717,EMP717,14000,3
718,EMP718,12000,2
719,EMP719,19000,8
720,EMP720,14000,3
721,EMP721,14000,6
722,EMP722,20000,5
723,EMP723,6000,9
724,EMP724,13000,10
725,EMP725,10000,8
726,EMP726,15000,7
727,EMP727,10000,9
728,EMP728,17000,1
729,EMP729,10000,2
730,EMP730,8000,8
731,EMP731,4000,7
732,EMP732,2000,2
733,EMP733,14000,1
734,EMP734,11000,9
735,EMP735,6000,7
736,EMP736,8000,6
737,EMP737,18000,10
738,EMP738,14000,8
739,EMP739,7000,5
740,EMP740,20000,4
741,EMP741,2000,9
742,EMP742,11000,3
743,EMP743,19000,2
744,EMP744,5000,5
745,EMP745,19000,1
746,EMP746,19000,9
747,EMP747,13000,9
748,EMP748,6000,1
749,EMP749,12000,7
750,EMP750,13000,10
751,EMP751,10000,3
752,EMP752,6000,8
753,EMP753,8000,8
754,EMP754,7000,2
755,EMP755,15000,3
756,EMP756,5000,8
757,EMP757,17000,10
758,EMP758,18000,1
759,EMP759,9000,8
760,EMP760,10000,2
761,EMP761,18000,10
762,EMP762,10000,4
763,EMP763,16000,10
764,EMP764,12000,8
765,EMP765,3000,10
766,EMP766,11000,4
767,EMP767,8000,2
768,EMP768,14000,6
769,EMP769,20000,9
770,EMP770,17000,4
771,EMP771,10000,10
772,EMP772,8000,8
773,EMP773,15000,4
774,EMP774,11000,8
775,EMP775,12000,2
776,EMP776,15000,2
777,EMP777,6000,10
778,EMP778,20000,1
779,EMP779,10000,6
780,EMP780,15000,4
781,EMP781,15000,3
782,EMP782,3000,4
783,EMP783,10000,2
784,EMP784,9000,1
785,EMP785,9000,2
786,EMP786,2000,8
787,EMP787,20000,1
788,EMP788,4000,2
789,EMP789,15000,1
790,EMP790,15000,5
791,EMP791,19000,4
792,EMP792,13000,10
793,EMP793,17000,7
794,EMP794,13000,10
795,EMP795,10000,7
796,EMP796,16000,4
797,EMP797,15000,1
798,EMP798,11000,6
799,EMP799,5000,3
800,EMP800,15000,10
801,EMP801,10000,9
802,EMP802,15000,9
803,EMP803,19000,2
804,EMP804,5000,3
805,EMP805,1000,8
806,EMP806,10000,6
807,EMP807,19000,6
808,EMP808,19000,4
809,EMP809,12000,3
810,EMP810,8000,1
811,EMP811,19000,6
812,EMP812,9000,3
813,EMP813,12000,9
814,EMP814,14000,1
815,EMP815,5000,1
816,EMP816,9000,2
817,EMP817,11000,4
818,EMP818,20000,8
819,EMP819,11000,2
820,EMP820,7000,2
821,EMP821,12000,3
822,EMP822,8000,4
823,EMP823,19000,10
824,EMP824,1000,3
825,EMP825,11000,10
826,EMP826,11000,4
827,EMP827,19000,3
828,EMP828,11000,10
829,EMP829,19000,6
830,EMP830,14000,1
831,EMP831,9000,2
832,EMP832,9000,5
833,EMP833,9000,6
834,EMP834,16000,1
835,EMP835,1000,9
836,EMP836,19000,1
837,EMP837,15000,3
838,EMP838,8000,7
839,EMP839,4000,3
840,EMP840,4000,2
841,EMP841,8000,6
842,EMP842,4000,8
843,EMP843,11000,1
844,EMP844,13000,9
845,EMP845,20000,1
846,EMP846,7000,5
847,EMP847,12000,6
848,EMP848,17000,7
849,EMP849,4000,4
850,EMP850,4000,9
851,EMP851,19000,4
852,EMP852,13000,7
853,EMP853,12000,8
854,EMP854,1000,1
855,EMP855,6000,6
856,EMP856,16000,2
857,EMP857,4000,7
858,EMP858,3000,8
859,EMP859,13000,9
860,EMP860,7000,3
861,EMP861,18000,4
862,EMP862,1000,1
863,EMP863,20000,4
864,EMP864,4000,1
865,EMP865,5000,7
866,EMP866,11000,9
867,EMP867,8000,6
868,EMP868,14000,2
869,EMP869,2000,8
870,EMP870,1000,2
871,EMP871,9000,9
872,EMP872,6000,3
873,EMP873,6000,7
874,EMP874,12000,5
875,EMP875,12000,8
876,EMP876,20000,8
877,EMP877,14000,10
878,EMP878,6000,10
879,EMP879,1000,5
880,EMP880,11000,4
881,EMP881,9000,5
882,EMP882,20000,1
883,EMP883,8000,2
884,EMP884,6000,5
885,EMP885,12000,4
886,EMP886,12000,6
887,EMP887,12000,9
888,EMP888,1000,1
889,EMP889,13000,9
890,EMP890,19000,2
891,EMP891,8000,7
892,EMP892,4000,9
893,EMP893,10000,7
894,EMP894,15000,1
895,EMP895,11000,9
896,EMP896,9000,2
897,EMP897,11000,3
898,EMP898,13000,4
899,EMP899,14000,3
900,EMP900,8000,3
901,EMP901,11000,4
902,EMP902,2000,2
903,EMP903,8000,1
904,EMP904,14000,3
905,EMP905,6000,7
906,EMP906,20000,8
907,EMP907,6000,7
908,EMP908,10000,1
909,EMP909,20000,5
910,EMP910,11000,1
911,EMP911,11000,1
912,EMP912,5000,3
913,EMP913,9000,5
914,EMP914,9000,1
915,EMP915,16000,6
916,EMP916,2000,1
917,EMP917,16000,9
918,EMP918,7000,4
919,EMP919,12000,4
920,EMP920,1000,3
921,EMP921,19000,9
922,EMP922,13000,10
923,EMP923,17000,2
924,EMP924,19000,8
925,EMP925,9000,7
926,EMP926,4000,5
927,EMP927,9000,8
928,EMP928,5000,8
929,EMP929,20000,6
930,EMP930,15000,10
931,EMP931,8000,10
932,EMP932,4000,2
933,EMP933,18000,6
934,EMP934,5000,5
935,EMP935,10000,3
936,EMP936,1000,5
937,EMP937,4000,9
938,EMP938,25000,10
939,EMP939,1000,6
940,EMP940,4000,2
941,EMP941,7000,10
942,EMP942,16000,10
943,EMP943,10000,6
944,EMP944,9000,3
945,EMP945,10000,9
946,EMP946,7000,8
947,EMP947,17000,8
948,EMP948,7000,1
949,EMP949,8000,9
950,EMP950,16000,8
951,EMP951,14000,6
952,EMP952,6000,7
953,EMP953,9000,2
954,EMP954,16000,8
955,EMP955,10000,2
956,EMP956,3000,9
957,EMP957,9000,9
958,EMP958,4000,2
959,EMP959,20000,1
960,EMP960,10000,2
961,EMP961,2000,8
962,EMP962,9000,2
963,EMP963,7000,7
964,EMP964,17000,9
965,EMP965,12000,10
966,EMP966,5000,4
967,EMP967,7000,3
968,EMP968,13000,7
969,EMP969,1000,10
970,EMP970,9000,8
971,EMP971,19000,6
972,EMP972,1000,3
973,EMP973,2000,7
974,EMP974,18000,7
975,EMP975,17000,7
976,EMP976,10000,6
977,EMP977,2000,1
978,EMP978,2000,1
979,EMP979,6000,10
980,EMP980,15000,3
981,EMP981,13000,9
982,EMP982,15000,4
983,EMP983,14000,8
984,EMP984,6000,6
985,EMP985,6000,1
986,EMP986,6000,7
987,EMP987,19000,8
988,EMP988,11000,1
989,EMP989,17000,1
990,EMP990,20000,5
991,EMP991,10000,10
992,EMP992,20000,3
993,EMP993,5000,1
994,EMP994,9000,4
995,EMP995,20000,9
996,EMP996,9000,1
997,EMP997,13000,5
998,EMP998,12000,5
999,EMP999,6000,6
1000,EMP1000,12000,4
1001,EMP1001,17000,4
1002,EMP1002,18000,4
1003,EMP1003,10000,3
1004,EMP1004,7000,8
1005,EMP1005,16000,4
1006,EMP1006,4000,6
1007,EMP1007,7000,5
1008,EMP1008,14000,8
1009,EMP1009,19000,1
1010,EMP1010,9000,8